[gd_scene load_steps=10 format=3 uid="uid://croivo7b5qo83"]

[ext_resource type="Material" uid="uid://bi4kud8wra8dv" path="res://Sequencer_mat.tres" id="1_ebxp5"]
[ext_resource type="Script" path="res://scenes/node_3d.gd" id="2_su3a2"]

[sub_resource type="BoxMesh" id="BoxMesh_ij1ga"]
size = Vector3(1.1, 0.4, 0.1)

[sub_resource type="TextMesh" id="TextMesh_bgn38"]
text = "|||||"
font_size = 12

[sub_resource type="BoxMesh" id="BoxMesh_xlqjr"]
size = Vector3(1, 2, 0.3)

[sub_resource type="FastNoiseLite" id="FastNoiseLite_7bpbm"]

[sub_resource type="NoiseTexture2D" id="NoiseTexture2D_r6yuj"]
as_normal_map = true
noise = SubResource("FastNoiseLite_7bpbm")

[sub_resource type="StandardMaterial3D" id="StandardMaterial3D_7mdli"]
albedo_color = Color(0.215068, 0.355197, 0.310436, 1)
albedo_texture = SubResource("NoiseTexture2D_r6yuj")

[sub_resource type="CylinderMesh" id="CylinderMesh_5327u"]
top_radius = 0.01
bottom_radius = 0.01
height = 0.4

[node name="Main_panel" type="MeshInstance3D"]
transform = Transform3D(1, 0, 0, 0, 1, 0, 0, 0, 1, 0.23, 0, -0.445739)
mesh = SubResource("BoxMesh_ij1ga")
surface_material_override/0 = ExtResource("1_ebxp5")

[node name="FanMesh" type="MeshInstance3D" parent="."]
transform = Transform3D(-4.37114e-08, 0, 1, 0.886187, 0.463327, 3.87365e-08, -0.463327, 0.886187, -2.02527e-08, 0.560601, 0.423547, -0.0727947)
mesh = SubResource("TextMesh_bgn38")
skeleton = NodePath("../..")

[node name="MeshInstance3D5" type="MeshInstance3D" parent="FanMesh"]
transform = Transform3D(1, 0, 0, 0, 1, 0, 0, 0, 1, 0.021825, 0, 0)
mesh = SubResource("TextMesh_bgn38")
skeleton = NodePath("../../..")

[node name="MeshInstance3D6" type="MeshInstance3D" parent="FanMesh"]
transform = Transform3D(1, 0, 0, 0, 1, 0, 0, 0, 1, -0.0220947, 0, 0)
mesh = SubResource("TextMesh_bgn38")
skeleton = NodePath("../../..")

[node name="Top" type="CSGCylinder3D" parent="."]
transform = Transform3D(-4.37114e-08, -1, 0, -0.886187, 3.87365e-08, -0.463327, 0.463327, -2.02527e-08, -0.886187, -0.00356691, 0.432085, -0.0632523)
operation = 2
radius = 0.3
height = 1.1
material = ExtResource("1_ebxp5")

[node name="CSGBox3D" type="CSGBox3D" parent="Top"]
transform = Transform3D(-4.37114e-08, -0.886188, 0.463327, -1, 3.87365e-08, -2.02527e-08, 1.59872e-14, -0.463327, -0.886188, 0.214532, -0.00356692, -0.358456)
operation = 2
size = Vector3(0.5, 0.7, 0.5)

[node name="Node3D" type="Node3D" parent="Top/CSGBox3D"]
transform = Transform3D(1, 0, 0, 0, 1, 0, 0, 0, 1, -0.24, 0, -0.24)
script = ExtResource("2_su3a2")

[node name="Node3D2" type="Node3D" parent="Top/CSGBox3D"]
transform = Transform3D(1, 0, 0, 0, 1, 0, 0, 0, 1, 0.24, 0, -0.24)

[node name="MeshInstance3D2" type="MeshInstance3D" parent="Top"]
transform = Transform3D(-4.37114e-08, -0.903732, 0.428099, -1, 3.95034e-08, -1.87128e-08, 1.59872e-14, -0.428099, -0.903732, 0.779631, -0.00356694, 0.493367)
mesh = SubResource("BoxMesh_xlqjr")
skeleton = NodePath("../../..")
surface_material_override/0 = SubResource("StandardMaterial3D_7mdli")

[node name="Back_base_plate2" type="MeshInstance3D" parent="Top"]
transform = Transform3D(-4.37114e-08, 1, 2.98023e-08, -1, -4.37114e-08, 0, 1.59872e-14, -2.98023e-08, 1, 0.209813, -0.00356692, 0.144144)
mesh = SubResource("BoxMesh_ij1ga")
skeleton = NodePath("../../..")
surface_material_override/0 = ExtResource("1_ebxp5")

[node name="Back_base_plate1" type="MeshInstance3D" parent="Top"]
transform = Transform3D(-4.37114e-08, 1, 2.98023e-08, -1, -4.37114e-08, 0, 1.59872e-14, -2.98023e-08, 1, -0.0163527, -0.00356691, 0.144143)
mesh = SubResource("BoxMesh_ij1ga")
skeleton = NodePath("../../..")
surface_material_override/0 = ExtResource("1_ebxp5")

[node name="Antenna" type="MeshInstance3D" parent="."]
transform = Transform3D(1, 0, 0, 0, 1, 0, 0, 0, 1, -0.429867, 0.895481, -0.0831325)
mesh = SubResource("CylinderMesh_5327u")

[node name="Antenna2" type="MeshInstance3D" parent="Antenna"]
transform = Transform3D(-4.37114e-08, -0.96363, 0.267238, 0, 0.267238, 0.96363, -1, 4.21216e-08, -1.16814e-08, 0.00124742, 0.150274, -0.0011844)
mesh = SubResource("CylinderMesh_5327u")
skeleton = NodePath("../..")

[node name="Antenna3" type="MeshInstance3D" parent="Antenna"]
transform = Transform3D(1, 0, 0, 0, 0.267238, 0.96363, 0, -0.96363, 0.267238, -0.128444, 0.184771, -0.0011844)
mesh = SubResource("CylinderMesh_5327u")
skeleton = NodePath("../..")

[node name="Antenna4" type="MeshInstance3D" parent="Antenna"]
transform = Transform3D(1, 0, 0, 0, 0.64679, 0.762668, 0, -0.762668, 0.64679, -0.0584732, 0.162867, 0.0116198)
mesh = SubResource("CylinderMesh_5327u")
skeleton = NodePath("../..")

[node name="Antenna5" type="MeshInstance3D" parent="Antenna"]
transform = Transform3D(1, 0, 0, 0, 0.64679, 0.762668, 0, -0.762668, 0.64679, 0.0344137, 0.132182, 0.0116198)
mesh = SubResource("CylinderMesh_5327u")
skeleton = NodePath("../..")

[node name="Antenna6" type="MeshInstance3D" parent="Antenna"]
transform = Transform3D(1, 0, 0, 0, 0.64679, 0.762668, 0, -0.762668, 0.64679, 0.102879, 0.11259, 0.0116198)
mesh = SubResource("CylinderMesh_5327u")
skeleton = NodePath("../..")

[node name="Antenna7" type="MeshInstance3D" parent="Antenna"]
transform = Transform3D(1, 0, 0, 0, 0.64679, 0.762668, 0, -0.762668, 0.64679, 0.147549, 0.0993438, 0.0116198)
mesh = SubResource("CylinderMesh_5327u")
skeleton = NodePath("../..")
